classval(1:25,1)=8;
classval(26:50,1)=3;
classval(51:75,1)=10;
classval(76:100,1)=4;
classval(101:125,1)=6;
classval(126:150,1)=1;
classval(151:175,1)=7;
classval(176:200,1)=2;
classval(201:225,1)=5;
classval(226:250,1)=9;
